0 1.4 12.364071428571425 6.4543847384580975 33.47 8.361 0 0
10 1 9.501 1.9344791030145563 33.47 8.361 12.364071428571425 14
20 0.4 8.87175 0.12602455117952172 33.47 8.361 11.171124999999998 24
30 1.6 9.115499999999999 1.0654138867125769 33.47 7.872 10.842642857142858 28
40 2.2 9.307227272727273 1.5654330197284703 33.47 7.872 10.214590909090909 44
50 1.7 8.899470588235292 0.22285239579465735 33.47 7.872 9.912136363636364 66
60 2.6 9.56026923076923 2.298337451920281 33.47 7.872 9.704722891566265 83
70 3.3 8.956454545454546 0.7096426369492667 33.47 7.339 9.670266055045872 109
80 5.1 9.017470588235296 0.8428065242807762 33.47 7.166 9.50438028169014 142
90 6.9 14.080507246376808 19.97571314402233 147.996 7.166 9.375715025906736 193
100 7.7 9.034168831168833 1.5114982367002563 147.996 7.126 10.614763358778625 262
