0 0.5 5.594600000000001 7.438450930133236 20.47 1.739 0 0
10 1 1.8917000000000002 0.15731563812920826 20.47 1.732 5.594600000000001 5
20 0.8 165.82487500000005 296.41161180208405 839.974 1.732 3.126 15
30 1.3 2.8177692307692306 2.700332006762421 839.974 1.291 59.71691304347828 23
40 1.9 2.3909473684210525 1.2296020097954763 839.974 1.291 39.170000000000016 36
50 2.3 2.553913043478261 2.2916948334867517 839.974 1.291 26.464509090909104 55
60 2.6 2.0115769230769227 1.3549828035547145 839.974 1.248 19.413948717948728 78
70 4.4 1.9022727272727273 0.6738047789718393 839.974 1.248 15.063355769230775 104
80 4 1.648825 0.18061559837123703 839.974 1.248 11.150601351351355 148
90 6.5 1.9307384615384615 1.0987246491612703 839.974 1.233 9.128946808510642 188
100 9.5 48.676578947368434 156.39083535698092 839.974 1.233 7.2796047430830075 253
