0 0.1 1.8694811040665047 0 1.8694811040665047 1.8694811040665047 0 0
10 0.1 2.997002997002997 0.0 2.997002997002997 1.8694811040665047 1.8694811040665047 1
20 0.1 1.996007984031936 0.0 2.997002997002997 1.8694811040665047 2.433242050534751 2
30 0.1 1.998001998001998 0.0 2.997002997002997 1.8694811040665047 2.2874973617004795 3
40 0.1 0.4985044865403789 0.0 2.997002997002997 0.4985044865403789 2.215123520775859 4
50 0.1 0.6993006993006993 0.0 2.997002997002997 0.4985044865403789 1.871799713928763 5
60 0.1 2.59222333000997 0.0 2.997002997002997 0.4985044865403789 1.6763832114907524 6
70 0.1 0.8982035928143712 0.0 2.997002997002997 0.4985044865403789 1.807217514136355 7
80 0.1 2.68389662027833 0.0 2.997002997002997 0.4985044865403789 1.693590773971107 8
90 0.1 1.0967098703888334 0.0 2.997002997002997 0.4985044865403789 1.8036247568941317 9
100 0.1 2.2794846382556986 0.0 2.997002997002997 0.4985044865403789 1.7329332682436018 10
