0 0.1 3520.12109375 0 3520.12109375 3520.12109375 0 0
10 0.1 3521.12109375 0.0 3521.12109375 3520.12109375 3520.12109375 1
20 0.1 3520.359375 0.0 3521.12109375 3520.12109375 3520.62109375 2
30 0.1 3519.6953125 0.0 3521.12109375 3519.6953125 3520.5338541666665 3
40 0.1 3519.7109375 0.0 3521.12109375 3519.6953125 3520.32421875 4
50 0.1 3519.72265625 0.0 3521.12109375 3519.6953125 3520.2015625 5
60 0.1 3519.6015625 0.0 3521.12109375 3519.6015625 3520.1217447916665 6
70 0.1 3519.609375 0.0 3521.12109375 3519.6015625 3520.047433035714 7
80 0.1 3519.484375 0.0 3521.12109375 3519.484375 3519.99267578125 8
90 0.1 3519.49609375 0.0 3521.12109375 3519.484375 3519.9361979166665 9
100 0.1 3519.44921875 0.0 3521.12109375 3519.44921875 3519.8921875 10
