0 0.1 0.0 0 0.0 0.0 0 0
10 0.1 0.0 0.0 0.0 0.0 0.0 1
20 0.1 0.1484375 0.0 0.1484375 0.0 0.0 2
30 0.1 0.12109375 0.0 0.1484375 0.0 0.049479166666666664 3
40 0.1 0.1015625 0.0 0.1484375 0.0 0.0673828125 4
50 0.1 0.08984375 0.0 0.1484375 0.0 0.07421875 5
60 0.1 0.0703125 0.0 0.1484375 0.0 0.07682291666666667 6
70 0.1 0.05859375 0.0 0.1484375 0.0 0.07589285714285714 7
80 0.1 0.05078125 0.0 0.1484375 0.0 0.07373046875 8
90 0.1 0.0390625 0.0 0.1484375 0.0 0.07118055555555555 9
100 0.1 0.0390625 0.0 0.1484375 0.0 0.06796875 10
