0 0.5 11.4178 7.421121246819783 25.713 5.925 0 0
10 1 7.0821 0.2811133045588559 25.713 5.925 11.4178 5
20 0.8 171.61487499999998 296.6609455782129 845.167 5.925 8.527333333333333 15
30 1.3 8.287769230769232 3.2278683881721304 845.167 5.046 65.2534347826087 23
40 1.9 8.013526315789473 1.770387449964467 845.167 5.046 44.6825 36
50 2.3 8.273217391304348 3.7938763468713255 845.167 5.046 32.01503636363636 55
60 2.6 6.989615384615383 1.475177383777784 845.167 5.005 25.01424358974359 78
70 4.4 8.35984090909091 1.7778258804094735 845.167 5.005 20.508086538461537 104
80 4 6.698549999999999 0.5526989212039409 845.167 5.005 16.896445945945946 148
90 6.5 7.496215384615386 2.2778602543230906 845.167 4.998 14.72668085106383 188
100 9.5 56.92450526315788 163.92310516380755 845.167 4.998 12.869051383399208 253
