0 0.5 14.415200000000002 9.715413761647005 33.43 7.79 0 0
10 1 8.9081 0.2846188503946989 33.43 7.79 14.415200000000002 5
20 1 140.40240000000003 273.4472715849255 846.98 7.484 10.743799999999998 15
30 1.1 10.508363636363637 3.3505126683085176 846.98 7.04 62.60724000000001 25
40 1.9 9.856105263157893 1.7570661220741581 846.98 7.04 46.6881388888889 36
50 2.4 10.050333333333336 3.7251422866188015 846.98 7.04 33.96434545454546 55
60 2.6 8.832961538461541 1.4530050156292602 846.98 7.001 26.699329113924055 79
70 4.3 10.27458139534883 1.7828640041596802 846.98 7.001 22.275276190476195 105
80 4 8.589250000000002 0.5072523903344373 846.98 7.001 18.788587837837838 148
90 6.8 9.378382352941175 2.2114903015401697 846.98 6.996 16.61851595744681 188
100 9.3 59.87423655913979 165.49848572164979 846.98 6.996 14.695355468750002 256
