0 1.4 3.194214285714285 5.089855697906396 21.22 1.305 0 0
10 1 1.6684999999999999 0.09091562022007 21.22 1.305 3.194214285714285 14
20 0.3 1.611 0.04526219909225207 21.22 1.305 2.558499999999999 24
30 1.5 1.6509333333333336 0.23962928776665748 21.22 1.198 2.4532222222222213 27
40 2.3 1.7054782608695656 0.2583309083773414 21.22 1.198 2.1666904761904755 42
50 1.8 1.6396666666666666 0.0726567271489708 21.22 1.198 2.0034923076923072 65
60 2.6 2.3198076923076916 2.1846344707319023 21.22 1.198 1.9245903614457829 83
70 3 1.6555 0.2171208189004453 21.22 1.198 2.0188623853211007 109
80 5.3 1.705603773584905 0.38304422817799644 21.22 1.198 1.9404388489208633 139
90 6.9 5.465333333333332 18.429539384704302 131.884 1.198 1.875614583333333 192
100 7.8 1.7464358974358971 0.4510430245480196 131.884 1.191 2.824620689655172 261
