0 0.1 3.058565033951591 0 3.058565033951591 3.058565033951591 0 0
10 0.1 1.3972055888223553 0.0 3.058565033951591 1.3972055888223553 3.058565033951591 1
20 0.1 2.997002997002997 0.0 3.058565033951591 1.3972055888223553 2.227885311386973 2
30 0.1 4.904904904904905 0.0 4.904904904904905 1.3972055888223553 2.484257873258981 3
40 0.1 0.10030090270812438 0.0 4.904904904904905 0.10030090270812438 3.089419631170462 4
50 0.1 2.288557213930348 0.0 4.904904904904905 0.10030090270812438 2.4915958854779943 5
60 0.1 0.1002004008016032 0.0 4.904904904904905 0.1002004008016032 2.45775610688672 6
70 0.1 0.3009027081243731 0.0 4.904904904904905 0.1002004008016032 2.1209624345888463 7
80 0.1 0.4008016032064128 0.0 4.904904904904905 0.1002004008016032 1.893454968780787 8
90 0.1 0.5015045135406219 0.0 4.904904904904905 0.1002004008016032 1.7276045948280787 9
100 0.1 0.802407221664995 0.0 4.904904904904905 0.1002004008016032 1.604994586699333 10
