0 1.4 10.216214285714287 5.80180574327106 28.679 6.364 0 0
10 1 6.952 0.19437077969694952 28.679 6.364 10.216214285714287 14
20 0.3 6.977 0.13051692099749607 28.679 6.364 8.856125 24
30 1.5 7.209399999999999 1.1141464176669065 28.679 5.879 8.647333333333334 27
40 2.3 7.411913043478258 1.6514046435644985 28.679 5.879 8.133785714285713 42
50 1.8 6.942 0.13959823303561775 28.679 5.879 7.878353846153844 65
60 2.6 7.626807692307695 2.3136298656711376 28.679 5.879 7.675289156626504 83
70 3 7.027266666666663 0.7498272660345773 28.679 5.375 7.663724770642202 109
80 5.3 7.1164528301886785 0.8373643413878088 28.679 5.169 7.5263597122302155 139
90 6.9 12.078971014492751 19.991189584755897 146.077 5.169 7.413208333333333 192
100 7.8 7.1460256410256395 1.5266232888336275 146.077 5.125 8.646685823754789 261
