0 0.9 2.7035555555555555 2.6277740098634013 8.756 1.155 0 0
10 0.8 1.523 0.29833747669376026 8.756 1.155 2.7035555555555555 9
20 0.8 1.3651250000000001 0.10945825402864784 8.756 1.155 2.1479999999999997 17
30 1.3 1.3146923076923078 0.1023285692984836 8.756 1.097 1.8974799999999996 25
40 1.2 1.2794999999999999 0.09700558403171093 8.756 1.045 1.6981052631578946 38
50 3.3 1.4406666666666665 1.582326091103177 10.348 0.858 1.5976399999999997 50
60 3.7 1.8293243243243245 3.488595876869521 22.714 0.858 1.5352289156626504 83
70 3.5 1.3345142857142858 0.6691920660202793 22.714 0.858 1.625908333333333 120
80 3.6 1.1805277777777776 0.1506429712397847 22.714 0.858 1.5601096774193548 155
90 7.6 1.1070657894736842 0.13747739867130662 22.714 0.858 1.4885654450261783 191
100 6.1 1.1755409836065573 0.12262679269864768 22.714 0.858 1.3799737827715357 267
