0 0.1 0.7957869773733741 0 0.7957869773733741 0.7957869773733741 0 0
10 0.1 0.30060120240480964 0.0 0.7957869773733741 0.30060120240480964 0.7957869773733741 1
20 0.1 5.5 0.0 5.5 0.30060120240480964 0.5481940898890919 2
30 0.1 2.902902902902903 0.0 5.5 0.30060120240480964 2.198796059926061 3
40 0.1 0.20060180541624875 0.0 5.5 0.20060180541624875 2.3748227706702716 4
50 0.1 3.1031031031031033 0.0 5.5 0.20060180541624875 1.939978577619467 5
60 0.1 2.0080321285140563 0.0 5.5 0.20060180541624875 2.133832665200073 6
70 0.1 0.4020100502512563 0.0 5.5 0.20060180541624875 2.1158611599592136 7
80 0.1 2.1021021021021022 0.0 5.5 0.20060180541624875 1.901629771245719 8
90 0.1 2.206619859578736 0.0 5.5 0.20060180541624875 1.923904474674206 9
100 0.1 2.5176233635448138 0.0 5.5 0.20060180541624875 1.952176013164659 10
