0 0.9 33.37422222222222 41.20031364977099 149.736 16.165 0 0
10 0.8 17.62725 2.2717390227532746 149.736 15.902 33.37422222222222 9
20 0.8 18.959 4.596577639940395 149.736 15.893 25.963882352941173 17
30 1.3 16.178846153846155 0.9466475947463517 149.736 15.117 23.72232 25
40 1.2 17.398666666666667 2.832748057197384 149.736 15.117 21.14165789473684 38
50 3.3 21.457363636363635 11.250489718144346 149.736 13.523 20.24334 50
60 3.7 17.963783783783786 4.418316618015773 149.736 13.523 20.726024096385544 83
70 3.5 18.519028571428574 4.115478847235254 149.736 13.523 19.874333333333333 120
80 3.6 17.22416666666667 3.623705320524836 149.736 13.523 19.56829677419355 155
90 7.6 19.541355263157897 8.040899626782977 149.736 13.523 19.126471204188483 191
100 6.1 17.806377049180337 3.6052604924595464 149.736 13.523 19.244565543071165 267
