0 0.6 5.865666666666667 9.211701501652968 26.461 1.597 0 0
10 1.1 1.6324545454545456 0.06831526335023212 26.461 1.541 5.865666666666667 6
20 1.1 1.5799999999999996 0.05575759222661145 26.461 1.488 3.126529411764706 17
30 2.4 1.561375 0.09036906388988065 26.461 1.345 2.518964285714286 28
40 2.7 1.573888888888889 0.12609647492160247 26.461 1.291 2.077 52
50 1.1 1.6052727272727274 0.19603946305369277 26.461 1.239 1.9050506329113923 79
60 3 2.2735333333333334 2.3061483290446767 26.461 1.226 1.868411111111111 90
70 4.4 1.5816818181818184 0.11902287265427616 26.461 1.226 1.9696916666666666 120
80 4.6 1.591304347826087 0.20909233133851338 26.461 1.213 1.865591463414634 164
90 6.6 1.6469090909090904 0.4590633985156617 26.461 1.213 1.8055095238095238 210
