0 0.1 1.2504567557691768 0 1.2504567557691768 1.2504567557691768 0 0
10 0.1 0.1002004008016032 0.0 1.2504567557691768 0.1002004008016032 1.2504567557691768 1
20 0.1 4.909819639278557 0.0 4.909819639278557 0.1002004008016032 0.67532857828539 2
30 0.1 2.5 0.0 4.909819639278557 0.1002004008016032 2.086825598616446 3
40 0.1 0.8999999999999999 0.0 4.909819639278557 0.1002004008016032 2.1901191989623343 4
50 0.1 0.2008032128514056 0.0 4.909819639278557 0.1002004008016032 1.9320953591698675 5
60 0.1 1.7017017017017018 0.0 4.909819639278557 0.1002004008016032 1.6435466681167907 6
70 0.1 0.6012024048096193 0.0 4.909819639278557 0.1002004008016032 1.651854530057492 7
80 0.1 2.3023023023023024 0.0 4.909819639278557 0.1002004008016032 1.520523014401508 8
90 0.1 1.8072289156626504 0.0 4.909819639278557 0.1002004008016032 1.6073873797238187 9
