0 0.1 3521.65625 0 3521.65625 3521.65625 0 0
10 0.1 3523.1328125 0.0 3523.1328125 3521.65625 3521.65625 1
20 0.1 3522.07421875 0.0 3523.1328125 3521.65625 3522.39453125 2
30 0.1 3514.04296875 0.0 3523.1328125 3514.04296875 3522.2877604166665 3
40 0.1 3521.78515625 0.0 3523.1328125 3514.04296875 3520.2265625 4
50 0.1 3521.81640625 0.0 3523.1328125 3514.04296875 3520.53828125 5
60 0.1 3521.67578125 0.0 3523.1328125 3514.04296875 3520.7513020833335 6
70 0.1 3521.703125 0.0 3523.1328125 3514.04296875 3520.883370535714 7
80 0.1 3521.47265625 0.0 3523.1328125 3514.04296875 3520.98583984375 8
90 0.1 3521.33984375 0.0 3523.1328125 3514.04296875 3521.0399305555557 9
