0 0.6 26.39316666666667 14.06482953346949 54.841 17.111 0 0
10 1.1 18.661090909090913 2.586909755411779 54.841 17.111 26.39316666666667 6
20 1.1 17.40590909090909 0.8624488869751237 54.841 16.893 21.390058823529415 17
30 2.4 20.32425 4.226195967317023 54.841 16.815 19.824857142857148 28
40 2.7 17.558407407407405 0.9458478171875551 54.841 15.362 20.055346153846155 52
50 1.1 21.381545454545456 4.018495022758381 54.841 15.362 19.20196202531646 79
60 3 20.66203333333333 6.958175610907087 54.841 15.362 19.468355555555558 90
70 4.4 19.49127272727273 4.755447724660998 54.841 15.362 19.766775 120
80 4.6 20.10236956521738 4.592427208761112 54.841 15.362 19.692859756097562 164
90 6.6 19.639924242424247 4.6754896302034075 54.841 14.952 19.782561904761902 210
