0 1.8 8.677444444444445 6.765747344957723 34.555 3.688 0 0
10 3.3 6.181333333333333 2.1760879921305913 34.555 3.632 8.677444444444445 18
20 3.3 5.764818181818181 1.510062721044263 34.555 3.611 7.062313725490196 51
30 7.2 6.736319444444444 2.389211125190285 34.555 3.611 6.552583333333333 84
40 8.1 5.815518518518516 1.384820040999321 34.555 3.572 6.637384615384614 156
50 3.3 7.089666666666665 2.270506079838999 34.555 3.572 6.356493670886074 237
60 9 6.8463222222222235 3.238820350504102 34.555 3.479 6.4461037037037014 270
70 13.2 6.457696969696974 2.5618064292408804 34.555 3.479 6.546158333333332 360
80 13.8 6.660166666666668 2.506471738055607 34.555 3.479 6.522424796747967 492
90 19.8 6.508863636363637 2.634193345678153 34.555 3.479 6.552596825396826 630
