0 0.7 27.286571428571424 13.981736350959954 58.61 19.028 0 0
10 1 20.6416 2.5389627882267187 58.61 19.028 27.286571428571424 7
20 1.1 19.31245454545454 0.8542154682020809 58.61 18.814 23.377764705882353 17
30 2.5 22.10748 4.192825263423221 58.61 18.717 21.78067857142857 28
40 2.6 19.492615384615387 0.946976446661977 58.61 17.343 21.934830188679243 53
50 1.1 23.301363636363636 4.009909322772712 58.61 17.343 21.131063291139238 79
60 3.2 22.363656250000005 6.778608460671408 58.61 17.343 21.39632222222222 90
70 4.4 22.239159090909094 6.0449348328812444 58.61 17.343 21.65004918032787 122
80 4.4 21.751886363636363 4.008493262696942 58.61 17.343 21.806198795180723 166
90 6.9 21.455971014492754 4.604556766253685 58.61 16.962 21.79481904761905 210
